1.622901694889701929e+00 0.000000000000000000e+00 0.000000000000000000e+00 0.000000000000000000e+00 0.000000000000000000e+00 0.000000000000000000e+00 0.000000000000000000e+00 0.000000000000000000e+00 0.000000000000000000e+00 0.000000000000000000e+00
1.741786989260729390e+00 1.795193565565696758e+00 0.000000000000000000e+00 0.000000000000000000e+00 0.000000000000000000e+00 0.000000000000000000e+00 0.000000000000000000e+00 0.000000000000000000e+00 0.000000000000000000e+00 0.000000000000000000e+00
1.942450283777050313e+00 1.739898574739930703e+00 1.922324996665417007e+00 0.000000000000000000e+00 0.000000000000000000e+00 0.000000000000000000e+00 0.000000000000000000e+00 0.000000000000000000e+00 0.000000000000000000e+00 0.000000000000000000e+00
1.029005228283614848e+00 1.465622654378105238e+00 1.943356716998313694e+00 1.648974553136924204e+00 0.000000000000000000e+00 0.000000000000000000e+00 0.000000000000000000e+00 0.000000000000000000e+00 0.000000000000000000e+00 0.000000000000000000e+00
1.900900491750622701e+00 1.113205964653144253e+00 1.469069047782163739e+00 1.246572832619830429e+00 1.543760859235930427e+00 0.000000000000000000e+00 0.000000000000000000e+00 0.000000000000000000e+00 0.000000000000000000e+00 0.000000000000000000e+00
1.573941187928100671e+00 1.013114189588902203e+00 1.216729800463848044e+00 1.279482366011110317e+00 1.916345371808551912e+00 1.765725451629141851e+00 0.000000000000000000e+00 0.000000000000000000e+00 0.000000000000000000e+00 0.000000000000000000e+00
1.159604212358038122e+00 1.797146991431204377e+00 1.138767418398903164e+00 1.617452520466116539e+00 1.126699232550269603e+00 1.001774862202534644e+00 1.871404744724282088e+00 0.000000000000000000e+00 0.000000000000000000e+00 0.000000000000000000e+00
1.209456382495117888e+00 1.215481169224732261e+00 1.982421108825925149e+00 1.872407765436801874e+00 1.289305167746926495e+00 1.961477988950083517e+00 1.539223468870810629e+00 1.677830477250592311e+00 0.000000000000000000e+00 0.000000000000000000e+00
1.204779514533792728e+00 1.940976001087999059e+00 1.690641941106908241e+00 1.966564312317195418e+00 1.893741677576478377e+00 1.298788897853867752e+00 1.361189934722384143e+00 1.165956057129745593e+00 1.145701909540682628e+00 0.000000000000000000e+00
1.065139713375676145e+00 1.301359100769462485e+00 1.603109997407654363e+00 1.003383119374356758e+00 1.677934249547691214e+00 1.337896861627865253e+00 1.309957931603128678e+00 1.818518074647070826e+00 1.480745186630038956e+00 1.315793105846444044e+00
