1.481218386236863971e+00 1.704669134140909259e+00 1.057000929535790057e+00 1.975099563144235404e+00 1.022865563252720822e+00 1.749795022291273261e+00 1.844880889388129663e+00 1.018067535378530231e+00 1.787738303980434207e+00 1.366184475841860646e+00
0.000000000000000000e+00 1.578518829056874573e+00 1.009078386819528550e+00 1.046727118698941528e+00 1.180919487951047842e+00 1.955179899591166226e+00 1.196521670513008173e+00 1.755736412451317729e+00 1.929655319597521235e+00 1.942043829427699375e+00
0.000000000000000000e+00 0.000000000000000000e+00 1.344381813053011854e+00 1.354793205057912342e+00 1.524701820693119991e+00 1.775603014698995175e+00 1.108052869064832802e+00 1.748398056484663066e+00 1.797226677591332811e+00 1.859694319187580103e+00
0.000000000000000000e+00 0.000000000000000000e+00 0.000000000000000000e+00 1.036631579942827397e+00 1.945800185042183772e+00 1.091179864171768710e+00 1.340740535504222120e+00 1.610827538092624245e+00 1.918087185533312145e+00 1.339959526625844610e+00
0.000000000000000000e+00 0.000000000000000000e+00 0.000000000000000000e+00 0.000000000000000000e+00 1.924197619427790773e+00 1.545144037098238776e+00 1.312450369342907042e+00 1.316799985663377193e+00 1.177477775504988555e+00 1.078196232220573592e+00
0.000000000000000000e+00 0.000000000000000000e+00 0.000000000000000000e+00 0.000000000000000000e+00 0.000000000000000000e+00 1.148868044623248430e+00 1.689174587348875267e+00 1.996726814536703865e+00 1.161529464424616354e+00 1.048552163548456262e+00
0.000000000000000000e+00 0.000000000000000000e+00 0.000000000000000000e+00 0.000000000000000000e+00 0.000000000000000000e+00 0.000000000000000000e+00 1.986699108784267365e+00 1.533530741360834337e+00 1.405888021229404927e+00 1.237336603854287453e+00
0.000000000000000000e+00 0.000000000000000000e+00 0.000000000000000000e+00 0.000000000000000000e+00 0.000000000000000000e+00 0.000000000000000000e+00 0.000000000000000000e+00 1.593960220693297014e+00 1.826295511798626592e+00 1.455665101490664748e+00
0.000000000000000000e+00 0.000000000000000000e+00 0.000000000000000000e+00 0.000000000000000000e+00 0.000000000000000000e+00 0.000000000000000000e+00 0.000000000000000000e+00 0.000000000000000000e+00 1.421757281911589343e+00 1.055707231007893432e+00
0.000000000000000000e+00 0.000000000000000000e+00 0.000000000000000000e+00 0.000000000000000000e+00 0.000000000000000000e+00 0.000000000000000000e+00 0.000000000000000000e+00 0.000000000000000000e+00 0.000000000000000000e+00 1.916069348441991060e+00
